6.059700000000000086e-01 1.243339999999999691e+03
6.103070340681362449e-01 1.232021307733756430e+03
6.146440681362725922e-01 1.220757455115221546e+03
6.189811022044088284e-01 1.209553827278294648e+03
6.233181362725450647e-01 1.198415809356873979e+03
6.276551703406814120e-01 1.187348786484856646e+03
6.319922044088176483e-01 1.176358143796142940e+03
6.363292384769538845e-01 1.165449266424630650e+03
6.406662725450902318e-01 1.154627539504217793e+03
6.450033066132264681e-01 1.143898348168803068e+03
6.493403406813627043e-01 1.133267077552285400e+03
6.536773747494990516e-01 1.122739112788562807e+03
6.580144088176352879e-01 1.112319839011533759e+03
6.623514428857715242e-01 1.102014641355097183e+03
6.666884769539078714e-01 1.091828904953150641e+03
6.710255110220441077e-01 1.081768014939593513e+03
6.753625450901803440e-01 1.071837356448324044e+03
6.796995791583166913e-01 1.062042314613240023e+03
6.840366132264529275e-01 1.052388274568241286e+03
6.883736472945891638e-01 1.042880621447225167e+03
6.927106813627255111e-01 1.033524740384090137e+03
6.970477154308617473e-01 1.024326016512735350e+03
7.013847494989979836e-01 1.015289834967058937e+03
7.057217835671343309e-01 1.006421580880959255e+03
7.100588176352705672e-01 9.977266393883347746e+02
7.143958517034068034e-01 9.892103956230841959e+02
7.187328857715431507e-01 9.808782347191056488e+02
7.230699198396793870e-01 9.727355418102978319e+02
7.274069539078156232e-01 9.647877020305596716e+02
7.317439879759519705e-01 9.570401005137886159e+02
7.360810220440882068e-01 9.494981223938839321e+02
7.404180561122244431e-01 9.421671528047437505e+02
7.447550901803607903e-01 9.350525768802663151e+02
7.490921242484970266e-01 9.281597797543507795e+02
7.534291583166332629e-01 9.214941465608951603e+02
7.577661923847696102e-01 9.150610624337979289e+02
7.621032264529058464e-01 9.088659125069575566e+02
7.664402605210420827e-01 9.029140819142727423e+02
7.707772945891784300e-01 8.972109557896417300e+02
7.751143286573146662e-01 8.917619192669629911e+02
7.794513627254509025e-01 8.865723571142658557e+02
7.837883967935872498e-01 8.816467863383323902e+02
7.881254308617234861e-01 8.769869976340651192e+02
7.924624649298597223e-01 8.725942476690863714e+02
7.967994989979960696e-01 8.684697931110196123e+02
8.011365330661323059e-01 8.646148906274873980e+02
8.054735671342685421e-01 8.610307968861128529e+02
8.098106012024048894e-01 8.577187685545186469e+02
8.141476352705411257e-01 8.546800623003277906e+02
8.184846693386773619e-01 8.519159347911630675e+02
8.228217034068137092e-01 8.494276426946476022e+02
8.271587374749499455e-01 8.472164426784040643e+02
8.314957715430861818e-01 8.452835914100553509e+02
8.358328056112225291e-01 8.436303455572247003e+02
8.401698396793587653e-01 8.422579617875345548e+02
8.445068737474950016e-01 8.411676967686080388e+02
8.488439078156313489e-01 8.403608071680679359e+02
8.531809418837675851e-01 8.398385496535375978e+02
8.575179759519038214e-01 8.396021808926391259e+02
8.618550100200401687e-01 8.396529575529959857e+02
8.661920440881762939e-01 8.399921291718530938e+02
8.705290781563126412e-01 8.406152240092753800e+02
8.748661122244489885e-01 8.415017501538537772e+02
8.792031462925851137e-01 8.426284329634053165e+02
8.835401803607214610e-01 8.439719977957477113e+02
8.878772144288578083e-01 8.455091700086973105e+02
8.922142484969939336e-01 8.472166749600717139e+02
8.965512825651302808e-01 8.490712380076886348e+02
9.008883166332666281e-01 8.510495845093649905e+02
9.052253507014027534e-01 8.531284398229176986e+02
9.095623847695391007e-01 8.552845293061646998e+02
9.138994188376754479e-01 8.574945783169226843e+02
9.182364529058115732e-01 8.597353122130089105e+02
9.225734869739479205e-01 8.619834563522410917e+02
9.269105210420842678e-01 8.642157360924358045e+02
9.312475551102203930e-01 8.664088767914106484e+02
9.355845891783567403e-01 8.685396038069829956e+02
9.399216232464930876e-01 8.705846424969699910e+02
9.442586573146292128e-01 8.725207182191885522e+02
9.485956913827655601e-01 8.743245563314562787e+02
9.529327254509017964e-01 8.759729031291810770e+02
9.572697595190380326e-01 8.774504358143591389e+02
9.616067935871743799e-01 8.787616611916996590e+02
9.659438276553106162e-01 8.799141345835921584e+02
9.702808617234468525e-01 8.809154113124282048e+02
9.746178957915831997e-01 8.817730467005977744e+02
9.789549298597194360e-01 8.824945960704911840e+02
9.832919639278556723e-01 8.830876147444993194e+02
9.876289979959920196e-01 8.835596580450127249e+02
9.919660320641282558e-01 8.839182812944216039e+02
9.963030661322644921e-01 8.841710398151167283e+02
1.000640100200400839e+00 8.843254889294881878e+02
1.004977134268536965e+00 8.843891839599270952e+02
1.009314168336673312e+00 8.843696802288235403e+02
1.013651202404809659e+00 8.842745330585679540e+02
1.017988236472946006e+00 8.841112977715514489e+02
1.022325270541082132e+00 8.838875296901634329e+02
1.026662304609218479e+00 8.836107841367954734e+02
1.030999338677354604e+00 8.832886164338376602e+02
1.035336372745490952e+00 8.829285819036803105e+02
1.039673406813627299e+00 8.825382318974484406e+02
1.044010440881763646e+00 8.821242658844972766e+02
1.048347474949899771e+00 8.816914777521062661e+02
1.052684509018036119e+00 8.812444027853655371e+02
1.057021543086172244e+00 8.807875762693663546e+02
1.061358577154308591e+00 8.803255334891983921e+02
1.065695611222444938e+00 8.798628097299526871e+02
1.070032645290581286e+00 8.794039402767195952e+02
1.074369679358717411e+00 8.789534604145892445e+02
1.078706713426853758e+00 8.785159054286525588e+02
1.083043747494989884e+00 8.780958106039997801e+02
1.087380781563126231e+00 8.776977112257214912e+02
1.091717815631262578e+00 8.773261425789080477e+02
1.096054849699398925e+00 8.769856399486500322e+02
1.100391883767535051e+00 8.766807386200379142e+02
1.104728917835671398e+00 8.764159738781617079e+02
1.109065951903807523e+00 8.761958810081130196e+02
1.113402985971943870e+00 8.760249952949811814e+02
1.117740020040080218e+00 8.759078520238570036e+02
1.122077054108216565e+00 8.758489864798314102e+02
1.126414088176352690e+00 8.758529135724614889e+02
1.130751122244489038e+00 8.759214402799080972e+02
1.135088156312625163e+00 8.760509786254403934e+02
1.139425190380761510e+00 8.762373014110456779e+02
1.143762224448897857e+00 8.764761814387106824e+02
1.148099258517034205e+00 8.767633915104225935e+02
1.152436292585170330e+00 8.770947044281680292e+02
1.156773326653306677e+00 8.774658929939339487e+02
1.161110360721442802e+00 8.778727300097076522e+02
1.165447394789579150e+00 8.783109882774758717e+02
1.169784428857715497e+00 8.787764405992254524e+02
1.174121462925851844e+00 8.792648597769432399e+02
1.178458496993987970e+00 8.797720186126161934e+02
1.182795531062124317e+00 8.802936899082317268e+02
1.187132565130260442e+00 8.808256464657760034e+02
1.191469599198396789e+00 8.813636610872366646e+02
1.195806633266533137e+00 8.819035065746004420e+02
1.200143667334669484e+00 8.824409557298540676e+02
1.204480701402805609e+00 8.829717813549845005e+02
1.208817735470941956e+00 8.834917562519788135e+02
1.213154769539078082e+00 8.839966802944680921e+02
1.217491803607214429e+00 8.844848293237648704e+02
1.221828837675350776e+00 8.849589084889714741e+02
1.226165871743487124e+00 8.854220826048301660e+02
1.230502905811623249e+00 8.858775164860848008e+02
1.234839939879759596e+00 8.863283749474774140e+02
1.239176973947895721e+00 8.867778228037510644e+02
1.243514008016032069e+00 8.872290248696489243e+02
1.247851042084168416e+00 8.876851459599135978e+02
1.252188076152304763e+00 8.881493508892881437e+02
1.256525110220440888e+00 8.886248044725149384e+02
1.260862144288577236e+00 8.891146715243378367e+02
1.265199178356713361e+00 8.896221168594987603e+02
1.269536212424849708e+00 8.901503052927409954e+02
1.273873246492986056e+00 8.907024016388073733e+02
1.278210280561122403e+00 8.912815707124409528e+02
1.282547314629258528e+00 8.918909773283842242e+02
1.286884348697394875e+00 8.925337863013803599e+02
1.291221382765531001e+00 8.932131624461719639e+02
1.295558416833667348e+00 8.939322705775024360e+02
1.299895450901803695e+00 8.946941995136833157e+02
1.304232484969940042e+00 8.954969868826459560e+02
1.308569519038076168e+00 8.963305445220848924e+02
1.312906553106212293e+00 8.971840494431287425e+02
1.317243587174348640e+00 8.980466786569056694e+02
1.321580621242484987e+00 8.989076091745438362e+02
1.325917655310621335e+00 8.997560180071712921e+02
1.330254689378757682e+00 9.005810821659164276e+02
1.334591723446893807e+00 9.013719786619075194e+02
1.338928757515029933e+00 9.021178845062726168e+02
1.343265791583166280e+00 9.028079767101399966e+02
1.347602825651302627e+00 9.034314322846381629e+02
1.351939859719438974e+00 9.039774282408950512e+02
1.356276893787575322e+00 9.044351415900388247e+02
1.360613927855711447e+00 9.047937493431976463e+02
1.364950961923847572e+00 9.050424285115001339e+02
1.369287995991983919e+00 9.051703561060743368e+02
1.373625030060120267e+00 9.051667091380483043e+02
1.377962064128256614e+00 9.050206646185504269e+02
1.382299098196392961e+00 9.047213995587088675e+02
1.386636132264529087e+00 9.042583953697765082e+02
1.390973166332665212e+00 9.036362168748720478e+02
1.395310200400801559e+00 9.028811424943994552e+02
1.399647234468937906e+00 9.020211365142562272e+02
1.403984268537074254e+00 9.010841632203399740e+02
1.408321302605210601e+00 9.000981868985475103e+02
1.412658336673346726e+00 8.990911718347769011e+02
1.416995370741482851e+00 8.980910823149249609e+02
1.421332404809619199e+00 8.971258826248891864e+02
1.425669438877755546e+00 8.962235370505673018e+02
1.430006472945891893e+00 8.954120098778560077e+02
1.434343507014028241e+00 8.947192653926532557e+02
1.438680541082164366e+00 8.941732678808563151e+02
1.443017575150300491e+00 8.938019816283621140e+02
1.447354609218436838e+00 8.936333709210686038e+02
1.451691643286573186e+00 8.936954000448729403e+02
1.456028677354709533e+00 8.940160332856720515e+02
1.460365711422845880e+00 8.946232349293644575e+02
1.464702745490982005e+00 8.955449692618461768e+02
1.469039779559118131e+00 8.968092005690152746e+02
1.473376813627254478e+00 8.984431451819601762e+02
1.477713847695390825e+00 9.004450217550204343e+02
1.482050881763527173e+00 9.027754256122531160e+02
1.486387915831663520e+00 9.053924422367177840e+02
1.490724949899799645e+00 9.082541571114749104e+02
1.495061983967935770e+00 9.113186557195851947e+02
1.499399018036072118e+00 9.145440235441079722e+02
1.503736052104208465e+00 9.178883460681042834e+02
1.508073086172344812e+00 9.213097087746333500e+02
1.512410120240481159e+00 9.247661971467557578e+02
1.516747154308617285e+00 9.282158966675318652e+02
1.521084188376753410e+00 9.316168928200216897e+02
1.525421222444889757e+00 9.349272710872858170e+02
1.529758256513026105e+00 9.381051169523838098e+02
1.534095290581162452e+00 9.411085158983760266e+02
1.538432324649298799e+00 9.438955534083227121e+02
1.542769358717434924e+00 9.464243149652838838e+02
1.547106392785571050e+00 9.486528860523199000e+02
1.551443426853707397e+00 9.505393521524908920e+02
1.555780460921843744e+00 9.520417987488571043e+02
1.560117494989980091e+00 9.531188195992094734e+02
1.564454529058116439e+00 9.537448076629028719e+02
1.568791563126252564e+00 9.539126439851908117e+02
1.573128597194388689e+00 9.536162598305592155e+02
1.577465631262525037e+00 9.528495864634960526e+02
1.581802665330661384e+00 9.516065551484874732e+02
1.586139699398797731e+00 9.498810971500206506e+02
1.590476733466933856e+00 9.476671437325821898e+02
1.594813767535070204e+00 9.449586261606590369e+02
1.599150801603206329e+00 9.417494756987385927e+02
1.603487835671342676e+00 9.380336236113068935e+02
1.607824869739479023e+00 9.338050011628513403e+02
1.612161903807615371e+00 9.290575396178585379e+02
1.616498937875751718e+00 9.237851702408154324e+02
1.620835971943887621e+00 9.179818242962096519e+02
1.625173006012023968e+00 9.116414330485267783e+02
1.629510040080160316e+00 9.047579277622544396e+02
1.633847074148296663e+00 8.973252397018792408e+02
1.638184108216433010e+00 8.893373001318880142e+02
1.642521142284569358e+00 8.807880403167677059e+02
1.646858176352705261e+00 8.716738036425887231e+02
1.651195210420841608e+00 8.620522402887557973e+02
1.655532244488977955e+00 8.520457312103477534e+02
1.659869278557114303e+00 8.417797549145831226e+02
1.664206312625250650e+00 8.313797899086802090e+02
1.668543346693386997e+00 8.209713146998581124e+02
1.672880380761522900e+00 8.106798077953361599e+02
1.677217414829659248e+00 8.006307477023310639e+02
1.681554448897795595e+00 7.909496129280624928e+02
1.685891482965931942e+00 7.817618819797490914e+02
1.690228517034068290e+00 7.731930333646093914e+02
1.694565551102204637e+00 7.653685455898620376e+02
1.698902585170340540e+00 7.584138971627262436e+02
1.703239619238476887e+00 7.524545665904190628e+02
1.707576653306613235e+00 7.476160323801605045e+02
1.711913687374749582e+00 7.440237730391686455e+02
1.716250721442885929e+00 7.418032670746621307e+02
1.720587755511022277e+00 7.410799929938599462e+02
1.724924789579158180e+00 7.419794293039800550e+02
1.729261823647294527e+00 7.446270545122417843e+02
1.733598857715430874e+00 7.491418036140374852e+02
1.737935891783567222e+00 7.555058692427845699e+02
1.742272925851703569e+00 7.635719347584631578e+02
1.746609959919839916e+00 7.731875879664412423e+02
1.750946993987975819e+00 7.842004166720852254e+02
1.755284028056112167e+00 7.964580086807650332e+02
1.759621062124248514e+00 8.098079517978474087e+02
1.763958096192384861e+00 8.240978338287002316e+02
1.768295130260521208e+00 8.391752425786912681e+02
1.772632164328657556e+00 8.548877658531878296e+02
1.776969198396793459e+00 8.710829914575565454e+02
1.781306232464929806e+00 8.876085071971677962e+02
1.785643266533066154e+00 9.043119008773883252e+02
1.789980300601202501e+00 9.210407603035855573e+02
1.794317334669338848e+00 9.376426732811270313e+02
1.798654368737475195e+00 9.539652276153808543e+02
1.802991402805611099e+00 9.698560111117128599e+02
1.807328436873747446e+00 9.851626115754942248e+02
1.811665470941883793e+00 9.997326168120908960e+02
1.816002505010020140e+00 1.013413614626870753e+03
1.820339539078156488e+00 1.026059339705140474e+03
1.824676573146292835e+00 1.037631736561776961e+03
1.829013607214428738e+00 1.048185221637526638e+03
1.833350641282565086e+00 1.057777186279371790e+03
1.837687675350701433e+00 1.066465021834292429e+03
1.842024709418837780e+00 1.074306119649269704e+03
1.846361743486974127e+00 1.081357871071284308e+03
1.850698777555110475e+00 1.087677667447316935e+03
1.855035811623246378e+00 1.093322900124348052e+03
1.859372845691382725e+00 1.098350960449359263e+03
1.863709879759519072e+00 1.102819239769331034e+03
1.868046913827655420e+00 1.106785129431244513e+03
1.872383947895791767e+00 1.110306020782080395e+03
1.876720981963928114e+00 1.113439305168818692e+03
1.881058016032064018e+00 1.116242373938441233e+03
1.885395050100200365e+00 1.118772618437928031e+03
1.889732084168336712e+00 1.121087430014260917e+03
1.894069118236473059e+00 1.123244200014420358e+03
1.898406152304609407e+00 1.125300319785386819e+03
1.902743186372745754e+00 1.127313180674141449e+03
1.907080220440881657e+00 1.129337704999363950e+03
1.911417254509018004e+00 1.131391803545000130e+03
1.915754288577154352e+00 1.133464860951450646e+03
1.920091322645290699e+00 1.135545526066852062e+03
1.924428356713427046e+00 1.137622447739341396e+03
1.928765390781563394e+00 1.139684274817055211e+03
1.933102424849699297e+00 1.141719656148129388e+03
1.937439458917835644e+00 1.143717240580701400e+03
1.941776492985971991e+00 1.145665676962908037e+03
1.946113527054108339e+00 1.147553614142884953e+03
1.950450561122244686e+00 1.149369700968769166e+03
1.954787595190381033e+00 1.151102586288697694e+03
1.959124629258516936e+00 1.152740918950806417e+03
1.963461663326653284e+00 1.154273347803233264e+03
1.967798697394789631e+00 1.155688521694113206e+03
1.972135731462925978e+00 1.156975089471583942e+03
1.976472765531062326e+00 1.158121699983781809e+03
1.980809799599198673e+00 1.159117002078843370e+03
1.985146833667334576e+00 1.159949644604905188e+03
1.989483867735470923e+00 1.160608276410104054e+03
1.993820901803607271e+00 1.161082354197620589e+03
1.998157935871743618e+00 1.161371650112012276e+03
2.002494969939879965e+00 1.161483058252749061e+03
2.006832004008015868e+00 1.161423614271297538e+03
2.011169038076152216e+00 1.161200353819123848e+03
2.015506072144288563e+00 1.160820312547694812e+03
2.019843106212424910e+00 1.160290526108477479e+03
2.024180140280561258e+00 1.159618030152937536e+03
2.028517174348697605e+00 1.158809860332542257e+03
2.032854208416833508e+00 1.157873052298758466e+03
2.037191242484969855e+00 1.156814641703051848e+03
2.041528276553106203e+00 1.155641664196889678e+03
2.045865310621242550e+00 1.154361155431738325e+03
2.050202344689378897e+00 1.152980151059064610e+03
2.054539378757515244e+00 1.151505686730334901e+03
2.058876412825651148e+00 1.149944798097016246e+03
2.063213446893787495e+00 1.148304520810573877e+03
2.067550480961923842e+00 1.146591890522475978e+03
2.071887515030060190e+00 1.144813942884188691e+03
2.076224549098196537e+00 1.142977713547177927e+03
2.080561583166332884e+00 1.141090143532153434e+03
2.084898617234468787e+00 1.139157127422854728e+03
2.089235651302605135e+00 1.137183909312150718e+03
2.093572685370741482e+00 1.135175723506112718e+03
2.097909719438877829e+00 1.133137804310811362e+03
2.102246753507014176e+00 1.131075386032317738e+03
2.106583787575150524e+00 1.128993702976702480e+03
2.110920821643286427e+00 1.126897989450036903e+03
2.115257855711422774e+00 1.124793479758391186e+03
2.119594889779559121e+00 1.122685408207836190e+03
2.123931923847695469e+00 1.120579009104443685e+03
2.128268957915831816e+00 1.118479516754283623e+03
2.132605991983968163e+00 1.116392165463427091e+03
2.136943026052104067e+00 1.114322189537945178e+03
2.141280060120240414e+00 1.112274823283908290e+03
2.145617094188376761e+00 1.110255301007387743e+03
2.149954128256513108e+00 1.108268857014454170e+03
2.154291162324649456e+00 1.106320725611178204e+03
2.158628196392785803e+00 1.104416141103631162e+03
2.162965230460921706e+00 1.102560337797883903e+03
2.167302264529058053e+00 1.100757918747645363e+03
2.171639298597194401e+00 1.099007404300514963e+03
2.175976332665330748e+00 1.097303914592487445e+03
2.180313366733467095e+00 1.095642532582450258e+03
2.184650400801603443e+00 1.094018341229289263e+03
2.188987434869739346e+00 1.092426423491892137e+03
2.193324468937875693e+00 1.090861862329144287e+03
2.197661503006012040e+00 1.089319740699933163e+03
2.201998537074148388e+00 1.087795141563145535e+03
2.206335571142284735e+00 1.086283147877667943e+03
2.210672605210421082e+00 1.084778842602387385e+03
2.215009639278556985e+00 1.083277308696189493e+03
2.219346673346693333e+00 1.081773629117961946e+03
2.223683707414829680e+00 1.080262886826591512e+03
2.228020741482966027e+00 1.078740164780963823e+03
2.232357775551102375e+00 1.077200545939966787e+03
2.236694809619238722e+00 1.075639113262486717e+03
2.241031843687374625e+00 1.074050949707409927e+03
2.245368877755510972e+00 1.072431138233623187e+03
2.249705911823647320e+00 1.070774761800013266e+03
2.254042945891783667e+00 1.069078191177013650e+03
2.258379979959920014e+00 1.067348666117975426e+03
2.262717014028056361e+00 1.065598881928833634e+03
2.267054048096192265e+00 1.063841574965231757e+03
2.271391082164328612e+00 1.062089481582811231e+03
2.275728116232464959e+00 1.060355338137216222e+03
2.280065150300601307e+00 1.058651880984088621e+03
2.284402184368737654e+00 1.056991846479071000e+03
2.288739218436874001e+00 1.055387970977806390e+03
2.293076252505009904e+00 1.053852990835937817e+03
2.297413286573146252e+00 1.052399642409106946e+03
2.301750320641282599e+00 1.051040662052957487e+03
2.306087354709418946e+00 1.049788786123131558e+03
2.310424388777555293e+00 1.048656750975272189e+03
2.314761422845691641e+00 1.047657292965021725e+03
2.319098456913827544e+00 1.046803148448023421e+03
2.323435490981963891e+00 1.046107053779919170e+03
2.327772525050100239e+00 1.045581745316352681e+03
2.332109559118236586e+00 1.045239959412965391e+03
2.336446593186372933e+00 1.045094432425401010e+03
2.340783627254509280e+00 1.045155555276187897e+03
2.345120661322645184e+00 1.045416435912323550e+03
2.349457695390781531e+00 1.045862456005484091e+03
2.353794729458917878e+00 1.046478961209325917e+03
2.358131763527054225e+00 1.047251297177505876e+03
2.362468797595190573e+00 1.048164809563679682e+03
2.366805831663326920e+00 1.049204844021504414e+03
2.371142865731462823e+00 1.050356746204636011e+03
2.375479899799599171e+00 1.051605861766731550e+03
2.379816933867735518e+00 1.052937536361446746e+03
2.384153967935871865e+00 1.054337115642438448e+03
2.388491002004008212e+00 1.055789945263363506e+03
2.392828036072144560e+00 1.057281370877877862e+03
2.397165070140280463e+00 1.058796738139638592e+03
2.401502104208416810e+00 1.060321392702300955e+03
2.405839138276553157e+00 1.061840680219522483e+03
2.410176172344689505e+00 1.063339946344959571e+03
2.414513206412825852e+00 1.064804536732268389e+03
2.418850240480962199e+00 1.066219797035105330e+03
2.423187274549098102e+00 1.067571072907127018e+03
2.427524308617234450e+00 1.068845319469650349e+03
2.431861342685370797e+00 1.070039960900634924e+03
2.436198376753507144e+00 1.071156608507328656e+03
2.440535410821643492e+00 1.072196884650999436e+03
2.444872444889779839e+00 1.073162411692915157e+03
2.449209478957915742e+00 1.074054811994343709e+03
2.453546513026052089e+00 1.074875707916553438e+03
2.457883547094188437e+00 1.075626721820811781e+03
2.462220581162324784e+00 1.076309476068387085e+03
2.466557615230461131e+00 1.076925593020547467e+03
2.470894649298597479e+00 1.077476695038560138e+03
2.475231683366733382e+00 1.077964404483694352e+03
2.479568717434869729e+00 1.078390343717216638e+03
2.483905751503006076e+00 1.078756135100395568e+03
2.488242785571142424e+00 1.079063400994499261e+03
2.492579819639278771e+00 1.079313763760795609e+03
2.496916853707415118e+00 1.079508845760552276e+03
2.501253887775551021e+00 1.079650269355037608e+03
2.505590921843687369e+00 1.079739656905519269e+03
2.509927955911823716e+00 1.079778630773265149e+03
2.514264989979960063e+00 1.079768550539008174e+03
2.518602024048096411e+00 1.079709262956843759e+03
2.522939058116232758e+00 1.079600074505720386e+03
2.527276092184368661e+00 1.079440290991244865e+03
2.531613126252505008e+00 1.079229218219025142e+03
2.535950160320641356e+00 1.078966161994668710e+03
2.540287194388777703e+00 1.078650428123783740e+03
2.544624228456914050e+00 1.078281322411977044e+03
2.548961262525050397e+00 1.077858150664856112e+03
2.553298296593186301e+00 1.077380218688029800e+03
2.557635330661322648e+00 1.076846832287104462e+03
2.561972364729458995e+00 1.076257297267688500e+03
2.566309398797595343e+00 1.075610919435388951e+03
2.570646432865731690e+00 1.074907004595813760e+03
2.574983466933867593e+00 1.074144858554570419e+03
2.579320501002003940e+00 1.073323787117266647e+03
2.583657535070140288e+00 1.072443096089509481e+03
2.587994569138276635e+00 1.071502091276907322e+03
2.592331603206412982e+00 1.070500078485067206e+03
2.596668637274549329e+00 1.069436363519597535e+03
2.601005671342685233e+00 1.068311885589374015e+03
2.605342705410821580e+00 1.067135864627507772e+03
2.609679739478957927e+00 1.065920138388052010e+03
2.614016773547094274e+00 1.064676545643588270e+03
2.618353807615230622e+00 1.063416925166697183e+03
2.622690841683366969e+00 1.062153115729959381e+03
2.627027875751503316e+00 1.060896956105956406e+03
2.631364909819639664e+00 1.059660285067268887e+03
2.635701943887775567e+00 1.058454941386477685e+03
2.640038977955911914e+00 1.057292763836163886e+03
2.644376012024048261e+00 1.056185591188907665e+03
2.648713046092184609e+00 1.055145262217291020e+03
2.653050080160320956e+00 1.054183615693894126e+03
2.657387114228457303e+00 1.053312490391298297e+03
2.661724148296593206e+00 1.052543725082084620e+03
2.666061182364729554e+00 1.051889158538833271e+03
2.670398216432865901e+00 1.051360629534125565e+03
2.674735250501002248e+00 1.050969976840542586e+03
2.679072284569138596e+00 1.050729039230664966e+03
2.683409318637274943e+00 1.050649655477073793e+03
2.687746352705410846e+00 1.050743664352349924e+03
2.692083386773547193e+00 1.051022904629074219e+03
2.696420420841683541e+00 1.051499215079827536e+03
2.700757454909819888e+00 1.052184434477191189e+03
2.705094488977956235e+00 1.053090401593745810e+03
2.709431523046092583e+00 1.054228955202072029e+03
2.713768557114228486e+00 1.055611934074751161e+03
2.718105591182364833e+00 1.057251176984364065e+03
2.722442625250501180e+00 1.059158522703491599e+03
2.726779659318637528e+00 1.061345810004714394e+03
2.731116693386773875e+00 1.063824877660613993e+03
2.735453727454910222e+00 1.066607564443771025e+03
2.739790761523046125e+00 1.069705709126765896e+03
2.744127795591182473e+00 1.073131150482180374e+03
2.748464829659318820e+00 1.076895727282594635e+03
2.752801863727455167e+00 1.081011278300590220e+03
2.757138897795591514e+00 1.085489642308747534e+03
2.761475931863727862e+00 1.090342658079647890e+03
2.765812965931863765e+00 1.095582164385871238e+03
2.770150000000000112e+00 1.101220000000000027e+03
